# This file may be used to create an environment using:
# $ conda create --name <env> --file <this file>
# platform: win-64
blinker=1.6.2=pyhd8ed1ab_0
bzip2=1.0.8=h8ffe710_4
ca-certificates=2022.12.7=h5b45459_0
certifi=2023.5.7=pypi_0
charset-normalizer=3.1.0=pypi_0
click=8.1.3=win_pyhd8ed1ab_2
colorama=0.4.6=pyhd8ed1ab_0
contourpy=1.0.7=pypi_0
cycler=0.11.0=pypi_0
filelock=3.12.0=pypi_0
flask=2.3.2=pyhd8ed1ab_0
fonttools=4.39.4=pypi_0
gitdb=4.0.10=pypi_0
gitpython=3.1.31=pypi_0
idna=3.4=pypi_0
importlib-metadata=6.6.0=pyha770c72_0
itsdangerous=2.1.2=pyhd8ed1ab_0
jinja2=3.1.2=pyhd8ed1ab_1
kiwisolver=1.4.4=pypi_0
libexpat=2.5.0=h63175ca_1
libffi=3.4.2=h8ffe710_5
libsqlite=3.40.0=hcfcfb64_1
libzlib=1.2.13=hcfcfb64_4
markupsafe=2.1.2=py311ha68e1ae_0
matplotlib=3.7.1=pypi_0
mpmath=1.3.0=pypi_0
networkx=3.1=pypi_0
numpy=1.24.3=pypi_0
opencv-python=4.7.0.72=pypi_0
openssl=3.1.0=hcfcfb64_2
packaging=23.1=pypi_0
pandas=2.0.1=pypi_0
pillow=9.5.0=pypi_0
pip=23.1.2=pyhd8ed1ab_0
psutil=5.9.5=pypi_0
pyparsing=3.0.9=pypi_0
python=3.11.3=h2628c8c_0_cpython
python-dateutil=2.8.2=pypi_0
python_abi=3.11=3_cp311
pytz=2023.3=pypi_0
pyyaml=6.0=pypi_0
requests=2.30.0=pypi_0
scipy=1.10.1=pypi_0
seaborn=0.12.2=pypi_0
sentry-sdk=1.23.0=pypi_0
setuptools=67.7.2=pyhd8ed1ab_0
six=1.16.0=pypi_0
smmap=5.0.0=pypi_0
sympy=1.12=pypi_0
thop=0.1.1-2209072238=pypi_0
tk=8.6.12=h8ffe710_0
torch=2.0.1=pypi_0
torchvision=0.15.2=pypi_0
tqdm=4.65.0=pypi_0
typing-extensions=4.5.0=pypi_0
tzdata=2023.3=pypi_0
ucrt=10.0.22621.0=h57928b3_0
ultralytics=8.0.103=pypi_0
urllib3=1.26.15=pypi_0
vc=14.3=h3d8a991_11
vs2015_runtime=14.34.31931=h4c5c07a_11
werkzeug=2.3.3=pyhd8ed1ab_0
wheel=0.40.0=pyhd8ed1ab_0
xz=5.2.6=h8d14728_0
zipp=3.15.0=pyhd8ed1ab_0
